750 0.27
750 0.81
750 1.62
750 2.7
750 4.05
750 5.67
750 7.56
750 9.72
750 12.15
750 14.85
750 17.82
750 21.06
750 24.57
750 28.35
750 32.4
750 36.72
750 41.31
750 46.17
750 51.3
750 56.7
750 62.37
750 68.31
750 74.52
750 81
750 87.75
750 94.77
750 102.06
750 109.62
750 117.45
750 125.55
750 133.92
750 142.56
750 151.47
750 160.65
750 170.1
750 179.82
750 189.81
750 200.07
750 197.34
750 194.88
750 192.69
750 190.77
750 189.12
750 187.74
750 186.63
750 185.79
750 185.22
750 184.92
750 184.89
750 185.13
750 185.64
750 186.42
750 187.47
750 188.79
750 190.38
750 192.24
750 194.37
750 196.77
750 199.44
750 202.38
750 205.59
750 209.07
750 212.82
750 216.84
750 221.13
750 224
750 224
750 224
750 224
750 224
750 224
750 224
750 224
750 224
750 224
750 224
750 224
750 224
750 224
750 224
750 224
750 224
750 224
750 224
750 224
750 224
750 224
750 224
750 224
750 224
750 224
750 224
750 224
750 224
750 224
750 224
750 224
750 224
750 224
750 224
750 224
750 224
750 224
750 224
750.25 224
750.75 224
751.5 224
752.5 218
753.75 212
755.25 206
757 200
759 194
761.25 188
763.75 182
766.5 176
769.5 170
772.75 164
776.25 158.27
780 152.81
784 147.62
788 142.7
792 138.05
796 133.67
799.75 129.56
803.25 125.72
806.5 122.15
809.5 118.85
812.25 115.82
814.75 113.06
817 110.57
819 108.35
820.75 106.4
822.25 104.72
823.5 103.31
824.5 102.17
825.25 101.3
825.75 100.7
826 100.37
826 100.31
826 100.52
826.25 101
826.75 101.75
827.5 102.77
828.5 104.06
829.75 105.62
831.25 107.45
833 109.55
835 111.92
837.25 114.56
839.75 117.47
842.5 120.65
845.5 124.1
848.75 127.82
852.25 131.81
856 136.07
860 140.6
864 145.4
868 150.47
872 155.81
876 161.42
880 167.3
884 173.45
888 179.87
892 186.56
896 193.52
900 200.75
904 208.25
908 216.02
912 224.06
916 232.37
920 240.95
924 249.8
928 258.92
932 268.31
936 277.97
940 287.9
944 288
948 288
952 288
956 288
960 288.27
964 288.81
968 289.62
972 290.7
976 292.05
980 293.67
984 295.56
988 297.72
992 300.15
995.75 302.85
999.25 305.82
1002.5 309.06
1005.5 312.57
1008.25 316.35
1010.75 320.4
1013.5 317.67
1016.5 315.21
1019.75 313.02
1023.25 311.1
1027 309.45
1031 308.07
1035 306.96
1039 306.12
1043 305.55
1047 305.25
1051 305.22
1055 305.46
1059 305.97
1063 306.75
1067 307.8
1071 309.12
1075 310.71
1079 312.57
1083 314.7
1087 317.1
1091 319.77
1095 322.71
1099 319.98
1103 317.52
1107 315.33
1111 313.41
1115 311.76
1119 310.38
1123 309.27
1127 308.43
1131 307.86
1135 307.56
1139 307.53
1143 307.77
1147 308.28
1151 309.06
1155 310.11
1159 311.43
1163 313.02
1167 314.88
1171 317.01
1175 319.41
1179 322.08
1183 325.02
1184 328.23
1184 331.71
1184 335.46
1184 339.48
1184 343.77
1184 348.33
1184 352
1184 352
1184 352
1184 352
1184 352
1184 352
1183.75 352
1183.25 352
1182.5 352
1181.5 352
1180.25 352
1178.75 352
1177 352
1175 352
1172.75 352
1170.25 352
1167.5 352
1164.5 352
1161.25 352
1157.75 352
1154 352
1150 352
1146 352
1142 352
1138 352
1134 352
1130 352
1126 352
1122 352
1118 352
1114 346
1110 340
1106 334
1102 328
1098 322
1094.25 316
1090.75 310
1087.5 304
1084.5 298
1081.75 292
1079.25 286
1077 280.27
1075 274.81
1073.25 269.62
1071.75 264.7
1070.5 260.05
1069.5 255.67
1068.75 251.56
1068.25 247.72
1068 244.15
1068 240.85
1068 237.82
1068 235.06
1068 232.57
1068 230.35
1068 228.4
1068 226.72
1068 225.31
1068 224.17
1068 223.3
1068 222.7
1068 222.37
1068 222.31
1068 222.52
1068 223
1068 223.75
1068 224.77
1068 226.06
1068 227.62
1068 229.45
1068 231.55
1068 233.92
1068 236.56
1068 239.47
1068 242.65
1068 246.1
1068 249.82
1068 253.81
1068 258.07
1068 262.6
1068 267.4
1068 272.47
1068 277.81
1068 283.42
1068 289.3
1068 295.45
1068 301.87
1068 308.56
1068 315.52
1068 322.75
1068 330.25
1068 338.02
1068 346.06
1068 352
1068 352
1068.25 352
1068.75 352
1069.5 346
1070.5 340
1071.75 334
1073.25 328
1075 322
1077 316
1079.25 310
1081.75 304
1084.5 298
1087.5 292
1090.75 286
1094.25 280.27
1098 274.81
1102 269.62
1106 264.7
1110 260.05
1114 255.67
1118 251.56
1122 247.72
1126 244.15
1130 240.85
1134 237.82
1138 235.06
1142 232.57
1146 230.35
1150 228.4
1154 226.72
1158 225.31
1162 224.17
1166 223.3
1170 222.7
1174 222.37
1178 222.31
1182 222.52
1186 223
1190 223.75
1194 224.77
1198 226.06
1202 227.62
1206 229.45
1210 231.55
1214 233.92
1218 236.56
1222 239.47
1226 242.65
1230 246.1
1234 249.82
1238 253.81
1242 256
1246 256
1250 256
1254 256
1258 256
1262 256
1266 250
1270 244
1274 238
1278 232
1282 226
1286 220
1290 214
1294 208
1298 202
1302 196
1306 190
1310 184.27
1314 178.81
1318 173.62
1322 168.7
1326 164.05
1330 159.67
1334 155.56
1338 151.72
1342 148.15
1346 144.85
1350 141.82
1354 139.06
1358 136.57
1362 134.35
1366 132.4
1370 130.72
1374 129.31
1378 128.17
1382 127.3
1386 126.7
1390 126.37
1394 126.31
1398 126.52
1402 127
1406 127.75
1410 128.77
1414 130.06
1418 131.62
1422 133.45
1426 135.55
1430 137.92
1434 140.56
1438 143.47
1442 146.65
1446 150.1
1450 153.82
1454 157.81
1458 162.07
1462 166.6
1466 171.4
1470 176.47
1474 181.81
1478 187.42
1482 193.3
1486 199.45
1490 205.87
1494 212.56
1498 219.52
1502 224
1506 224
1510 224
1514 224
1518 224
1522 224
1526 224
1530 224
1534 224
1538 224.27
1542 224.81
1546 225.62
1550 226.7
1554 228.05
1558 229.67
1562 231.56
1566 233.72
1570 236.15
1574 238.85
1578 241.82
1582 245.06
1586 248.57
1590 252.35
1594 256.4
1598 260.72
1602 265.31
1606 270.17
1610 275.3
1614 280.7
1618 286.37
1622 292.31
1626 298.52
1630 305
1634 311.75
1638 318.77
1642 326.06
1646 323.33
1650 320.87
1654 318.68
1658 316.76
1662 315.11
1666 313.73
1670 312.62
1674 311.78
1678 311.21
1682 310.91
1686 310.88
1690 311.12
1693.75 311.63
1697.25 312.41
1700.5 313.46
1703.5 314.78
1706.25 316.37
1708.75 318.23
1711 320.36
1713 322.76
1714.75 325.43
1716.25 328.37
1717.5 331.58
1718.5 335.06
1719.25 338.81
1719.75 342.83
1720 347.12
1720 351.68
1719.75 352
1719.25 352
1718.5 352
1717.5 352
1716.25 352
1714.75 352
1713 352
1711.5 352
1710.25 352
1709.25 352
1708.5 352
1708 352
1707.75 352
1707.75 352
1707.75 352
1707.75 352
1707.75 352
1707.75 352
1707.75 352
1707.75 352
1707.75 352
1707.75 352
1707.75 352
1707.75 352
1707.75 352
1707.75 352
1707.75 352
1707.75 352
1707.75 352
1707.75 352
1707.75 352
1707.75 352
1707.75 352
1707.75 352
1707.75 352
1707.75 352
1707.75 352
1707.75 352
1707.75 352
1707.75 352
1707.75 352
1707.75 352
1707.75 352
1707.75 352
1707.75 352
1707.75 352
1707.75 352
1707.75 352
1707.75 352
1707.75 352
1707.75 352
1707.75 352
1707.75 352
1707.75 352
1707.75 352
1707.75 352
1707.75 352
1707.75 352
1707.75 352
1707.75 352
1707.75 352
1707.75 352
1707.75 352
1707.75 352
1707.75 352
1707.75 352
1707.75 352
1707.75 352
1707.75 352
1707.75 352
1707.75 352
1707.75 352
1707.75 352
1707.75 352
1707.75 352
1707.75 352
1707.75 352
1707.75 352
1707.75 352
1707.75 352
1707.75 352
1707.75 352
1707.75 352
1707.75 352
1707.75 352
1707.75 352
1707.75 352
1707.75 352
1707.75 352
1707.75 352
1707.75 352
1707.75 352
1707.75 352
1707.75 352
1707.75 352
1707.75 352
1707.75 352
1707.75 352
1707.75 352
1707.75 352
1707.75 352
1707.75 352
1707.75 352
1707.75 352
1707.75 352
1707.75 352
1707.75 352
1707.75 352
1707.75 352
1707.75 352
1707.75 352
1707.75 352
1707.75 352
1707.75 352
1707.75 352
1707.75 352
1707.75 352
1707.75 352
1707.75 352
1707.75 352
1707.75 352
1708 352
1708.5 352
1709.25 346
1710.25 340
1711.5 334
1713 328
1714.75 322
1716.75 316
1719 310
1721.5 304
1724.25 298
1727.25 292
1730.5 286
1734 280.27
1737.75 274.81
1741.75 269.62
1745.75 264.7
1749.75 260.05
1753.75 255.67
1757.75 251.56
1761.75 247.72
1765.75 244.15
1769.75 240.85
1773.75 237.82
1777.75 235.06
1781.75 232.57
1785.75 230.35
1789.75 228.4
1792 226.72
1792 225.31
1792 224.17
1792 223.3
1792.25 222.7
1792.75 222.37
1793.5 222.31
1794.5 222.52
1795.75 223
1797.25 223.75
1799 224
1801 224
1803.25 224
1805.75 224
1808.5 224
1811.5 224
1814.75 224
1818.25 224
1822 224
1826 224
1830 224
1834 224
1838 224
1842 224
1846 224
1850 224
1854 224
1858 218
1862 212
1866 206
1870 200
1874 194
1878 188
1882 182
1886 176
1890 170
1894 164
1898 158
1902 152.27
1906 146.81
1910 141.62
1914 136.7
1918 132.05
1922 127.67
1926 123.56
1930 119.72
1934 116.15
1938 112.85
1942 109.82
1946 107.06
1950 104.57
1954 102.35
1958 100.4
1962 98.72
1966 97.31
1970 96.17
1974 95.3
1978 94.7
1982 94.37
1986 94.31
1990 94.52
1994 95
1998 95.75
2002 96.77
2006 98.06
2010 99.62
2014 101.45
2018 103.55
2022 105.92
2026 108.56
2030 111.47
2034 114.65
2038 118.1
2042 121.82
2046 125.81
2050 130.07
2053.75 134.6
2057.25 139.4
2060.5 144.47
2063.5 149.81
2066.25 155.42
2068.75 161.3
2071 167.45
2073 173.87
2074.75 180.56
2076.25 187.52
2077.5 194.75
2078.5 202.25
2079.25 210.02
2079.75 218.06
2080 226.37
2080 234.95
2080 243.8
2080 252.92
2080 262.31
2080 271.97
2080 281.9
2080 292.1
2080.25 302.57
2080.75 313.31
2081.5 324.32
2082.5 335.6
2083.75 347.15
2085.25 352
2087 352
2089 352
2091.25 352
2093.75 352
2096.5 352
2099.5 352
2102.75 352
2106.25 352
2110 352
2114 352
2118 352
2122 346
2126 340
2130 334
2134 328
2138 322
2142 316
2146 310
2150 304
2154 298
2158 292
2162 286
2166 280.27
2170 274.81
2174 269.62
2178 264.7
2182 260.05
2186 255.67
2190 251.56
2194 247.72
2198 244.15
2202 240.85
2206 237.82
2210 235.06
2214 232.57
2218 230.35
2222 228.4
2226 226.72
2230 225.31
2234 224.17
2238 223.3
2242 222.7
2246 222.37
2250 222.31
2254 222.52
2258 223
2262 223.75
2266 224.77
2270 226.06
2274 227.62
2278 229.45
2282 231.55
2286 233.92
2289.75 236.56
2293.25 239.47
2296.5 242.65
2299.5 246.1
2302.25 249.82
2304.75 253.81
2307 258.07
2309 262.6
2310.75 267.4
2312.25 272.47
2313.5 277.81
2314.5 283.42
2315.25 289.3
2315.75 295.45
2316 301.87
2316 308.56
2316 315.52
2316 322.75
2316 330.25
2316 338.02
2316 346.06
2316 352
2316 352
2316 352
2316 352
2316 352
2316 352
2316 352
2316 352
2316 352
2316 352
2316 352
2316 352
2316 352
2316 352
2316 352
2316 352
2316 352
2316.25 352
2316.75 352
2317.5 346
2318.5 340
2319.75 334
2321.25 328
2323 322
2325 316
2327.25 310
2329.75 304
2332.5 298
2335.5 292
2338.25 286
2340.75 280.27
2343 274.81
2345 269.62
2346.75 264.7
2348.25 260.05
2349.5 255.67
2350.5 251.56
2351.25 247.72
2351.75 244.15
2352 240.85
2352 237.82
2351.75 235.06
2351.25 232.57
2350.5 230.35
2349.5 228.4
2348.25 226.72
2346.75 225.31
2345 224.17
2343 223.3
2340.75 222.7
2338.25 222.37
2335.5 222.31
2332.5 222.52
2329.25 223
2325.75 223.75
2322.5 224.77
2319.5 226.06
2316.75 227.62
2314.25 229.45
2312 231.55
2310 233.92
2308.25 236.56
2306.75 239.47
2305.5 242.65
2304.5 246.1
2303.75 249.82
2303.25 253.81
2303 258.07
2303 262.6
2303 267.4
2303 272.47
2303 277.81
2303 283.42
2303 289.3
2303 295.45
2303 301.87
2303 308.56
2303 315.52
2303 322.75
2303 330.25
2303 338.02
2303 346.06
2303 352
2303 352
2303 352
2303 352
2303 352
2303 352
2303 352
2303 352
2303 352
2303 352
2303 352
2303 352
2303.25 352
2303.75 352
2304.5 352
2305 352
2305.25 352
2305.25 352
2305.25 352
2305.25 352
2305.25 352
2305.25 352
2305.25 352
2305.25 352
2305.25 352
2305.25 352
2305.25 352
2305.25 352
2305.25 352
2305.25 352
2305.25 352
2305.25 352
2305.25 352
2305.25 352
2305.25 352
2305.25 352
2305.25 352
2305.25 352
2305.25 352
2305.25 352
2305.25 352
2305.25 352
2305.25 352
2305.25 352
2305.25 352
2305.25 352
2305.25 352
2305.25 352
2305.25 352
2305.5 352
2306 352
2306.75 352
2307.75 352
2308.5 352
2309 352
2309.25 352
2309.25 352
2309.25 352
2309.25 352
2309.25 352
2309.25 352
2309.25 352
2309.25 352
2309.25 352
2309.25 352
2309.25 352
2309.25 352
2309.25 352
2309.25 352
2309.25 352
2309.25 352
2309.25 352
2309.25 352
2309.25 352
2309.25 352
2309.25 352
2309.25 352
2309.25 352
2309.25 352
2309.25 352
2309.25 352
2309.25 352
2309.25 352
2309.25 352
2309.25 352
2309.25 352
2309.25 352
2309.25 352
2309.25 352
2309.25 352
2309.25 352
2309.5 352
2310 352
2310.75 352
2311.75 352
2313 352
2314 352
2314.75 352
2315.25 352
2315.5 352
2315.5 352
2315.5 352
2315.5 352
2315.5 352
2315.5 352
2315.5 352
2315.5 352
2315.5 352
2315.5 352
2315.5 352
2315.5 352
2315.5 352
2315.5 352
2315.5 352
2315.5 352
2315.5 352
2315.5 352
2315.5 352
2315.5 352
2315.5 352
2315.5 352
2315.5 352
2315.5 352
2315.5 352
2315.5 352
2315.5 352
2315.5 352
2315.5 352
2315.5 352
2315.5 352
2315.5 352
2315.5 352
2315.5 352
2315.5 352
2315.5 352
2315.5 352
2315.5 352
2315.5 352
2315.5 352
2315.5 352
2315.5 352
2315.5 352
2315.5 352
2315.5 352
2315.5 352
2315.5 352
2315.5 352
2315.5 352
2315.5 352
2315.5 352
2315.5 352
2315.5 352
2315.5 352
2315.5 352
2315.5 352
2315.25 352
2314.75 352
2314 352
2313 352
2311.75 352
2310.25 352
2309 352
2308 352
2307.25 346
2306.75 340
2306.5 334
2306.5 328.27
2306.75 322.81
2306.75 317.62
2306.75 312.7
2306.75 308.05
2306.75 303.67
2306.75 299.56
2306.75 295.72
2306.75 292.15
2306.75 288.85
2306.75 285.82
2306.75 283.06
2306.75 280.57
2306.75 278.35
2306.75 276.4
2306.75 274.72
2306.75 273.31
2306.75 272.17
2306.75 271.3
2306.75 270.7
2306.75 270.37
2306.75 270.31
2306.75 270.52
2306.75 271
2306.75 271.75
2306.75 272.77
2306.75 274.06
2306.75 275.62
2306.75 277.45
2306.75 279.55
2306.75 281.92
2306.75 284.56
2306.75 287.47
2306.75 290.65
2306.75 294.1
2306.75 297.82
2306.75 301.81
2306.75 306.07
2306.75 310.6
2306.75 315.4
2306.75 320.47
2306.75 325.81
2306.75 331.42
2306.75 337.3
2306.75 343.45
2306.75 349.87
2306.75 352
2306.75 352
2306.75 352
2306.75 352
2306.75 352
2306.75 352
2306.5 352
2306 352
2305.25 352
2304.25 352
2303 346
2301.5 340
2299.75 334
2297.75 328
2295.5 322
2293 316
2290.25 310
2287.25 304
2284 298
2280.5 292
2276.75 286
2272.75 280.27
2268.75 274.81
2264.75 269.62
2260.75 264.7
2256.75 260.05
2252.75 255.67
2248.75 251.56
2244.75 247.72
2240.75 244.15
2236.75 240.85
2232.75 237.82
2228.75 235.06
2224.75 232.57
2220.75 230.35
2216.75 228.4
2212.75 226.72
2208.75 225.31
2204.75 224.17
2200.75 223.3
2196.75 222.7
2192.75 222.37
2188.75 222.31
2184.75 222.52
2180.75 223
2176.75 223.75
2172.75 224.77
2168.75 226.06
2164.75 227.62
2161 229.45
2157.5 231.55
2154.25 233.92
2151.25 236.56
2148.5 239.47
2146 242.65
2143.75 246.1
2141.75 249.82
2140 253.81
2138.5 258.07
2137.25 262.6
2136.25 267.4
2135.5 272.47
2135 277.81
2134.75 283.42
2134.75 289.3
2134.75 295.45
2134.75 301.87
2134.75 308.56
2134.75 315.52
2134.75 322.75
2134.75 330.25
2134.75 338.02
2134.75 346.06
2134.75 352
2134.75 352
2134.5 352
2134 352
2133.25 352
2132.25 352
2131 352
2129.5 352
2127.75 352
2125.75 352
2123.5 352
2121 352
2118.25 352
2115.25 352
2112 352
2108.5 352
2104.75 352
2100.75 352
2096.75 352
2092.75 352
2088.75 352
2084.75 352
2080.75 352
2076.75 352
2072.75 352
2068.75 352
2065 352
2061.5 352
2058.25 352
2055.25 352
2052.5 352
2050 352
2047.75 352
2045.75 352
2044 352
2042.5 352
2041.25 352
2040.25 352
2039.5 352
2039 352
2038.75 352
2038.75 352
2039 352
2039.5 352
2040.25 352
2041.25 352
2042.5 352
2044 352
2045.75 352
2047.75 352
2050 352
2052.5 352
2055.25 352
2057.75 352
2060 352
2062 352
2063.75 352
2065.25 352
2066.5 352
2067.5 352
2068.25 352
2068.75 352
2069 352
2069 352
2069 352
2069 352
2069 352
2069 352
2069 352
2069 352
2069 352
2069 352
2069 352
2069 352
2069 352
2069 352
2069 352
2069 352
2069 352
2069 352
2069 352
2069 352
2069 352
2069 352
2069 352
2069 352
2069 352
2069 352
2068.75 352
2068.25 352
2067.5 352
2066.5 352
2065.25 352
2063.75 352
2062 352
2060 352
2057.75 352
2055.25 352
2052.5 352
2049.5 352
2046.25 352
2042.75 352
2039 352
2035 352
2031 352
2027 352
2023 352
2019 352
2015 352
2011 352
2007 352
2003 346
1999 340
1995 334
1991 328
1987 322
1983 316
1979 310
1975 304
1971 298
1967 292
1963 286
1959 280.27
1955 274.81
1951 269.62
1947 264.7
1943 260.05
1939 255.67
1935 251.56
1931 247.72
1927 244.15
1923 240.85
1919 237.82
1915 235.06
1911 232.57
1907 230.35
1903 228.4
1899 226.72
1895 225.31
1891 224.17
1888 223.3
1887.75 222.7
1887.25 222.37
1886.5 222.31
1885.5 222.52
1884.25 223
1882.75 223.75
1881 224
1879 218
1876.75 212
1874.25 206
1871.5 200
1868.5 194
1865.25 188
1861.75 182
1858 176
1854 170
1850 164
1846 158
1842 152.27
1838 146.81
1834 141.62
1830 136.7
1826 132.05
1822 127.67
1818 123.56
1814 119.72
1810 116.15
1806 112.85
1802 109.82
1798 107.06
1794 104.57
1790 102.35
1786 100.4
1782 98.72
1778 97.31
1774 96.17
1770 95.3
1766 94.7
1762 94.37
1758 94.31
1754 94.52
1750 95
1746 95.75
1742 96.77
1738 98.06
1734 99.62
1730 101.45
1726 103.55
1722 105.92
1718 108.56
1714 111.47
1710 114.65
1706 118.1
1702 121.82
1698 125.81
1694 130.07
1690 134.6
1686 139.4
1682 144.47
1678 149.81
1674 155.42
1670 161.3
1666 167.45
1662 173.87
1658 180.56
1654.25 187.52
1650.75 194.75
1647.5 202.25
1644.5 210.02
1641.75 218.06
1639.25 226.37
1637 234.95
1635 243.8
1633.25 252.92
1631.75 262.31
1630.5 271.97
1629.5 281.9
1628.75 292.1
1628.25 302.57
1628 313.31
1628 324.32
1628.25 335.6
1628.75 347.15
1629.5 352
1630.5 352
1631.75 352
1633.25 352
1635 352
1637 352
1639.25 352
1641.75 352
1644.5 352
1647.5 352
1650.75 352
1654.25 352
1658 352
1662 352
1666 352
1670 352
1674 352
1678 352
1682 352
1686 352
1690 352
1694 352
1698 352
1702 352
1706 352
1710 346
1714 340
1718 334
1722 328
1726 322
1730 316
1734 310
1738 304
1742 298
1746 292
1750 286
1754 280.27
1758 274.81
1762 269.62
1766 264.7
1770 260.05
1774 255.67
1778 251.56
1782 247.72
1786 244.15
1790 240.85
1792 237.82
1792 235.06
1792 232.57
1792 230.35
1792 228.4
1792 226.72
1792 225.31
1792 224.17
1792 223.3
1792.25 222.7
1792.75 222.37
1793.5 222.31
1794.5 222.52
1795.75 223
1797.25 223.75
1799 224
1801 218
1803.25 212
1805.75 206
1808.5 200
1811.5 194
1814.75 188
1818.25 182
1822 176
1826 170
1830 164
1834 158
1838 152.27
1842 146.81
1846 141.62
1850 136.7
1854 132.05
1858 127.67
1862 123.56
1866 119.72
1870 116.15
1874 112.85
1878 109.82
1882 107.06
1886 104.57
1890 102.35
1894 100.4
1898 98.72
1902 97.31
1906 96.17
1910 95.3
1914 94.7
1918 94.37
1922 94.31
1926 94.52
1930 95
1934 95.75
1938 96.77
1942 98.06
1946 99.62
1950 101.45
1954 103.55
1958 105.92
1962 108.56
1966 111.47
1970 114.65
1974 118.1
1978 121.82
1982 125.81
1986 130.07
1990 134.6
1994 139.4
1998 144.47
2002 149.81
2006 155.42
2010 161.3
2014 167.45
2018 173.87
2022 180.56
2026 187.52
2030 194.75
2034 202.25
2038 210.02
2042 218.06
2046 226.37
2050 234.95
2054 243.8
2058 252.92
2062 262.31
2066 271.97
2070 281.9
2074 292.1
2078 302.57
2082 313.31
2086 324.32
2090 335.6
2094 347.15
2098 352
2102 346
2106 340
2110 334
2114 328
2118 322
2122 316
2126 310
2130 304
2134 298
2138 292
2142 286
2146 280.27
2150 274.81
2154 269.62
2158 264.7
2162 260.05
2166 255.67
2170 251.56
2174 247.72
2178 244.15
2182 240.85
2186 237.82
2190 235.06
2194 232.57
2198 230.35
2202 228.4
2206 226.72
2210 225.31
2214 224.17
2218 223.3
2222 222.7
2226 222.37
2230 222.31
2234 222.52
2238 223
2242 223.75
2246 224.77
2250 226.06
2254 227.62
2258 229.45
2262 231.55
2266 233.92
2270 236.56
2274 239.47
2278 242.65
2282 246.1
2286 249.82
2290 253.81
2294 258.07
2298 262.6
2302 267.4
2306 272.47
2310 277.81
2314 283.42
2318 289.3
2322 295.45
2326 301.87
2330 308.56
2334 315.52
2338 322.75
2342 330.25
2346 338.02
2350 346.06
2354 352
2358 346
2362 340
2366 334
2370 328
2374 322
2378 316
2382 310
2386 304
2390 298
2394 292
2398 286
2402 280.27
2406 274.81
2410 269.62
2414 264.7
2418 260.05
2422 255.67
2426 251.56
2430 247.72
2432 244.15
2432 240.85
2432 237.82
2432 235.06
2432 232.57
2432 230.35
2432 228.4
2432 226.72
2432 225.31
2432 224.17
2432 223.3
2432.25 222.7
2432.75 222.37
2433.5 222.31
2434.5 222.52
2435.75 223
2437.25 223.75
2439 224
2441 218
2443.25 212
2445.75 206
2448.5 200
2451.5 194
2454.75 188
2458.25 182
2462 176
2466 170
2470 164
2474 158
2478 152.27
2482 146.81
2486 141.62
2490 136.7
2494 132.05
2498 127.67
2502 123.56
2506 119.72
2510 116.15
2514 112.85
2518 109.82
2522 107.06
2526 104.57
2528 102.35
2528 100.4
2528 98.72
2528 97.31
2528 96.17
2528 95.3
2528.25 94.7
2528.75 94.37
2529.5 94.31
2530.5 94.52
2531.75 95
2533.25 95.75
2535 96
2537 90
2539.25 84
2541.75 78
2544.5 72
2547.5 66
2550.75 60
2554.25 54
2558 48
2562 42
2566 36
2570 30
2574 24.27
2578 18.81
2582 13.62
2586 8.7
2590 4.05
2594 -0.329999
2598 -4.44
2602 -8.28
2606 -11.85
2610 -15.15
2614 -18.18
2618 -20.94
2622 -23.43
2626 -25.65
2630 -27.6
2634 -29.28
2638 -30.69
2642 -31.83
2646 -32.7
2650 -33.3
2654 -33.63
2658 -33.69
2662 -33.48
2666 -33
2670 -32.25
2674 -31.23
2677.75 -29.94
2681.25 -28.38
2684.5 -26.55
2687.5 -24.45
2690.25 -22.08
2692.75 -19.44
2695 -16.53
2697 -13.35
2698.75 -9.90001
2700.25 -6.18001
2701.5 -2.19001
2702.5 2.06999
2703.25 6.59999
2703.75 11.4
2704 16.47
2704 21.81
2703.75 27.42
2703.25 33.3
2702.5 39.45
2701.5 45.87
2700.25 52.56
2698.75 59.52
2697 66.75
2695 74.25
2692.75 82.02
2690.25 90.06
2688 96
2686 96
2684.25 96
2682.75 96
2681.5 96
2680.5 96
2679.75 96
2679.25 96
2679 96
2679 96
2679 96
2679 96
2679 96
2679 96
2679 96
2679 96
2679 96
2679 96
2679 96
2679 96
2679 96
2679 96
2679 96
2679 96
2679 96
2679 96
2679 96
2679 96
2679 96
2679 96
2679 96
2679 96
2679 96
2679 96
2679 96
2679 96
2679 96
2679 96
2679 96
2679 96
2679 96
2679 96
2679 96
2679 96
2679 96
2679 96
2679 96
2679 96
2679 96
2679 96
2679 96
2679 96
2679 96
2679 96
2679 96
2679 96
2679 96
2679 96
2679 96
2679 96
2679 96
2679 96
2679 96
2679 96
2679 96
2679 96
2679 96
2679 96
2679 96
2679 96
2679 96
2679 96
2679 96
2679 96
2679 96
2679 96
2679 96
2679 96
2679 96
2679 96
2679 96
2679 96
2679 96
2679 96
2679 96
2679 96
2679 96
2679 96
2679 96
2679 96
2679 96
2679 96
2679 96
2679.25 96
2679.75 96
2680.5 96
2681.5 96
2682.75 96
2684.25 96
2686 96
2688 96
2690.25 96
2692.75 96
2695.5 96
2698.5 96
2701.75 96
2705.25 96
2709 96
2713 96
2717 96
2721 96
2725 96
2729 96
2733 96
2737 96
2741 90
2745 84
2749 78
2753 72
2757 66
2761 60
2765 54
2769 48
2773 42
2777 36
2781 30
2785 24.27
2789 18.81
2793 13.62
2797 8.7
2801 4.05
2805 -0.329999
2809 -4.44
2813 -8.28
2817 -11.85
2821 -15.15
2825 -18.18
2829 -20.94
2833 -23.43
2837 -25.65
2841 -27.6
2845 -29.28
2849 -30.69
2853 -31.83
2857 -32.7
2861 -33.3
2865 -33.63
2869 -33.69
2873 -33.48
2877 -33
2881 -32.25
2885 -31.23
2889 -29.94
2893 -28.38
2897 -26.55
2901 -24.45
2905 -22.08
2909 -19.44
2913 -16.53
2917 -13.35
2921 -9.90001
2925 -6.18001
2929 -2.19001
2933 2.06999
2937 6.59999
2941 11.4
2945 16.47
2949 21.81
2953 27.42
2957 33.3
2961 39.45
2965 45.87
2969 52.56
2973 59.52
2977 66.75
2981 74.25
2985 82.02
2989 90.06
2993 96
2997 90
3001 84
3005 78
3009 72
3013 66
3017 60
3021 54
3025 48
3029 42
3033 36
3037 30
3041 24.27
3045 18.81
3049 13.62
3053 8.7
3057 4.05
3061 -0.329999
3065 -4.44
3069 -8.28
3073 -11.85
3077 -15.15
3081 -18.18
3085 -20.94
3089 -23.43
3093 -25.65
3097 -27.6
3101 -29.28
3104.75 -30.69
3108.25 -31.83
3111.5 -32.7
3114.5 -33.3
3117.25 -33.63
3119.75 -33.69
3122 -33.48
3124 -33
3125.75 -32.25
3127.25 -31.23
3128.5 -29.94
3129.5 -28.38
3130.25 -26.55
3130.75 -24.45
3131 -22.08
3131 -19.44
3131 -16.53
3131 -13.35
3131 -9.90001
3131 -6.18001
3131 -2.19001
3131 2.06999
3131 6.59999
3131 11.4
3131 16.47
3130.75 21.81
3130.25 27.42
3129.5 33.3
3128.5 39.45
3127.25 45.87
3125.75 52.56
3124 59.52
3122 66.75
3120.25 74.25
3118.75 82.02
3117.5 90.06
3116.5 98.37
3115.75 106.95
3115.25 115.8
3115 124.92
3115 134.31
3115.25 143.97
3115.75 153.9
3116.5 164.1
3117.5 174.57
3118.75 185.31
3120.25 196.32
3122 207.6
3124 219.15
3126.25 230.97
3128.75 243.06
3131.5 255.42
3134.5 268.05
3137.75 280.95
3141.25 294.12
3145 307.56
3149 321.27
3153 335.25
3157 349.5
3161 352
3165 352
3169 352
3173 352
3177 352
3181 352
3185 352
3189 352
3193 352
3197 352
3201 352
3205 352
3209 352
3213 352
3217 352
3220.75 352
3224.25 352
3227.5 352
3231 352
3234.75 352
3238.75 352
3242.75 352
3246.75 352
3250.75 352
3254.75 352
3258.75 352
3262.75 352
3266.75 352
3270.5 352
3274 352
3277.25 352
3280.25 352
3283.5 352
3287 352
3290.75 352
3294.75 352
3298.75 352
3302.75 352
3306.5 352
3310 352
3313.25 352
3316.25 352
3319.5 352
3323 352
3326.75 352
3330.75 352
3334.75 352
3338.5 352
3342 352
3345.25 352
3348.25 352
3351 352
3353.5 352
3356.25 352
3359.25 352
3362.5 352
3365.5 352
3368.25 352
3370.75 352
3373 352
3375 352
3376.75 352
3378.25 352
3379.5 352
3380.5 352
3381.25 352
3381.75 352
3382 352
3382.5 352
3383.25 352
3383.75 352
3384 352
3384 352
3384 352
3384 352
3384.25 352
3384.75 352
3385.5 352
3386 352
3386.25 352
3386.25 352
3386.25 352
3386.25 352
3386.25 352
3386.25 352
3386.25 352
3386.25 352
3386.25 352
3386.25 352
3386.5 352
3387 352
3387.75 352
3388.25 352
3388.5 352
3388.5 352
3388.5 352
3388.5 352
3388.5 352
3388.5 352
3388.75 352
3389.25 352
3390 352
3391 352
3391.75 352
3392.25 352
3392.5 352
3392.5 352
3392.5 352
3392.5 352
3392.75 352
3393.25 352
3394 352
3395 352
3396.25 352
3397.25 352
3398 352
3398.5 352
3398.75 352
3398.75 352
3399 352
3399.5 352
3400.25 352
3401.25 352
3402.5 352
3403.5 352
3404.25 352
3404.75 352
3405 352
3405.5 352
3406.25 352
3407.25 352
3408.5 352
3410 352
3411.25 352
3412.25 352
3413 352
3413.5 352
3414.25 352
3415.25 352
3416.5 352
3417.5 352
3418.25 352
3418.75 352
3419.5 352
3420.5 352
3421.25 352
3421.75 352
3422 352
3422 352
3422 352
3422.25 352
3422.75 352
3423.5 352
3424.5 352
3425.25 352
3425.75 352
3426 352
3426 352
3426 352
3426 352
3426.25 352
3426.75 352
3427.5 352
3428.5 352
3429.75 352
3430.75 352
3431.5 352
3432 352
3432.25 352
3432.25 352
3432.25 352
3432.5 352
3433 352
3433.75 352
3434.75 352
3435.5 352
3436 352
3436.25 352
3436.25 352
3436.25 352
3436.25 352
3436.5 352
3437 352
3437.75 352
3438.75 352
3439.5 352
3440 352
3440.25 352
3440.25 352
3440.25 352
3440.5 352
3441 352
3441.75 352
3442.75 352
3444 352
3445 352
3445.75 352
3446.25 352
3446.5 352
3446.5 352
3446.75 352
3447.25 352
3448 352
3449 352
3450.25 352
3451.25 352
3452 352
3452.5 352
3452.75 352
3452.75 352
3453 352
3453.5 352
3454.25 352
3455.25 352
3456.5 352
3458 352
3459.75 352
3461.75 352
3464 352
3466.5 352
3469.25 352
3472.25 352
3475.5 352
3479 352
3482.75 352
3486.75 352
3490.75 352
3494.75 352
3498.75 352
3502.75 352
3506.75 352
3510.75 352
3514.75 352
3518.75 352
3522.75 352
3526.75 352
3530.75 352
3534.75 352
3538.75 352
3542.75 352
3546.75 352
3550.75 352
3554.75 352
3558.75 352
3562.75 352
3566.75 352
3570.75 352
3574.75 352
3578.75 352
3582.75 352
3586.75 352
3590.75 352
3594.75 352
3598.75 352
3602.75 352
3606.75 352
3610.75 352
3614.75 352
3618.75 352
3622.75 352
3626.75 352
3630.75 352
3634.75 352
3638.75 352
3642.75 352
3646.75 352
3650.75 352
3654.75 352
3658.75 352
3662.75 352
3666.75 352
3670.75 352
3674.75 352
3678.75 346
3682.75 340
3686.75 334
3690.75 328
3694.75 322
3698.75 316
3702.75 310
3706.75 304
3710.75 298
3714.75 292
3718.75 286
3722.75 280.27
3726.75 274.81
3730.75 269.62
3734.75 264.7
3738.75 260.05
3742.75 255.67
3744 251.56
3744 247.72
3744 244.15
3744 240.85
3744 237.82
3744 235.06
3744 232.57
3744 230.35
3744 228.4
3744 226.72
3744 225.31
3744 224.17
3744 223.3
3744.25 222.7
3744.25 222.37
3744.25 222.31
3744.25 222.52
3744.25 223
3744.25 223.75
3744.25 224
3744.25 224
3744.25 224
3744.25 224
3744.5 224
3745 224
3745.75 224
3746.75 218
3748 212
3749.5 206
3751.25 200
3753.25 194
3755.5 188
3758 182
3760.75 176
3763.75 170
3767 164
3770.5 158
3774.25 152.27
3778.25 146.81
3782.25 141.62
3786.25 136.7
3790.25 132.05
3794.25 127.67
3798.25 123.56
3802.25 119.72
3806.25 116.15
3810.25 112.85
3814.25 109.82
3818.25 107.06
3822.25 104.57
3826.25 102.35
3830.25 100.4
3834.25 98.72
3838.25 97.31
3840 96.17
3840 95.3
3840.25 94.7
3840.75 94.37
3841.5 94.31
3842.5 94.52
3843.75 95
3845.25 95.75
3847 96
3849 96
3851.25 96
3853.75 96
3856.5 96
3859.5 96
3862.75 96
3866.25 96
3870 96
3874 96
3878 96
3882 96
3886 96
3890 96
3894 96
3898 96
3902 96
3906 96
3910 96
3914 96
3918 96
3922 96
3926 96
3930 96
3934 96
3937.75 96
3941.25 96
3944.5 96
3947.5 96
3950.25 96
3952.75 96
3955 96
3957 96
3958.75 96
3960.25 96
3961.5 96
3962.5 96
3963.25 96
3963.75 96
3964 96
3964 96
3964 96
3963.75 96
3963.25 96
3962.5 96
3961.5 96
3960.25 96
3958.75 96
3957 96
3955 96
3952.75 96
3950.25 96
3948 96
3946 96
3944.25 96
3942.75 96
3941.5 96
3940.5 96
3939.75 96
3939.25 96
3939 96
3939 96
3939 96
3939.25 96
3939.75 96
3940.5 96
3941.5 96
3942.75 96
3944.25 96
3946 96
3948 96
3950.25 96
3952.75 96
3955.5 96
3958.5 96
3961.75 96
3965.25 96
3969 96.27
3973 96.81
3977 97.62
3981 98.7
3985 100.05
3988.75 101.67
3992.25 103.56
3995.5 105.72
3998.5 108.15
4001.25 110.85
4003.75 113.82
4006 117.06
4008 120.57
4009.75 124.35
4011.25 128.4
4012.5 132.72
4013.5 137.31
4014.25 142.17
4014.75 147.3
4015 152.7
4015 158.37
4014.75 164.31
4014.25 170.52
4013.5 177
4012.5 183.75
4011.25 190.77
4009.75 198.06
4008 205.62
4006 213.45
4003.75 221.55
4001.25 229.92
3998.5 238.56
3995.5 247.47
3992.75 256.65
3990.25 266.1
3988 275.82
3986 285.81
3984.25 296.07
3982.75 306.6
3981.5 317.4
3980.5 328.47
3979.75 339.81
3979.25 351.42
3979 352
3979 352
3979 352
3979 352
3979 352
3979 352
3979 352
3979 352
3979 352
3979 352
3979 352
3979 352
3979 352
3979 352
3979 352
3979 352
3979 352
3979 352
3979 352
3979 352
3979 352
3979 352
3979 352
3979 352
3979 352
3979 352
3979 352
3979 352
3979 352
3979 352
3979 352
3979 352
3979 352
3979 352
3979 352
3979 352
3979 352
3979 352
3979 352
3979 352
3979 352
3979 352
3979 352
3979 352
3979 352
3979 352
3979 352
